somebee
josevalim
tj
paulirish
bendc
Swizec
philsturgeon
developit
addyosmani
sindresorhus
matthewmueller
BrendanEich
chrismccord
thysultan
chrisdambrosio
vutran
Rich-Harris
trueadm
EricJJohnson
fengyuanchen
joeyklee
jaredpalmer
zouhir
danaugrs
mthwtkr
