mdformat
jetcache
haidnorJVM
manuals
PassJava-Platform
excellent-wheel
lemon-cleaner
chatgpt-java
ai-beehive
congomall
solon
git
PPHC
paicoding
disruptor
jvm-sandbox
dragonfly
dbeaver
Sequel-Ace
minio
autocomplete
plantuml
astro
software-architecture-books
gscript
zookeeper
DrakeTyporaTheme
hippo4j
antlr4
blog
distributed-consensus-reading-list
quibbler
HOJ
junit5
Java-SourceCode-Blogs
nebula
rocksdb
hazelcast
ugo-compiler-book
MYDB
patterns-of-distributed-systems
apisix
spring-reactive-sample
oss-browser
vuepress-theme-hope
vuepress
croc
kubesphere
qynat-spring-boot-starter
sequelpro
awesome-idea
rome
programmer-sideline
docs-cn
interview-guide
kuaixieya
milkdown
Programmer-look-at-China
pigsty
vnpy
prometheus-book
janusgraph
meilisearch
MicroCommunity
redtorch
Sa-Token
ClickHouse
ballcat
pig
vuepress-theme-craftdocs
spring-batch
screw
docs
toBeBetterJavaer
small-spring
algorithm-base
FengYunWeather
dolphinscheduler
Skiplist-CPP
jina
iotdb
godis
koalas-rpc
RNArtist
rustdesk
sureness
ddia
awesome-fenix
etcd
cat
influxdb
gogocode
dropwizard
micronaut-core
slidev
quarkus
react-ant-admin
typora-markdown-resume
rust
storybook
portainer
druid
jvm_book
Springboot-Notebook
kubernetes
languagetool
awesome-cs
front-end-roadmap
metersphere
flow
d2l-zh
WebStackPage.github.io
shenyu
vite
Leaf
tidb
vite
caddy
PowerToys
resilience4j
java-developer-roadmap
wifi-password
pulsar
fluentd
testable-mock
Mindustry
Recaf
zfile
APIJSON
IconPark
grpc-java
jetlinks-community
TranslationPlugin
weekly
octopus
awesome-lowcode
shardingsphere
netty-websocket-spring-boot-starter
iBook
netty-learning-example
Auto.js
netty-practical-tutorial
tomcat
xzs
PowerJob
react-admin
taro
MoreThanJava
community
spring-boot-admin
developer-roadmap
interviews
Hover
java-books-collections
awesome-IntelliJ-IDEA
SpringBoot-DynamicDataSource
spring-boot-starter-swagger
Clock.saver
spring-5-examples
reactor-core
WeChatExtension-ForMac
daming
redisson
checkstyle
nacos
HelloGitHub
awesome
awesome-java
SpringCloud
awesome-mac
books
OpenHub
springboot-rpc-demo
SpringCloud-Learning
staffjoy
artipub
insomnia
shuttle
HikariCP
eladmin
awesome-go
flyway
jpa-hibernate-tutorials
china_area_mysql
JustAuth
skywalking
JavaGuide
Learn-Algorithms
Spring-Boot-Reference-Guide
stackoverflow-java-top-qa
elasticsearch-definitive-guide
tool
mall-admin-web
hutool
ChromeAppHeroes
Spring-Boot-In-Action
IntelliJ-IDEA-Tutorial
java-knowledge-mind-map
technology-talk
advanced-programmer
wechat-format
Web
algorithm-study
seata
cim
spring-cloud-alibaba
guava
apollo
tech-weekly
wpf
cg-blog
flutter
spring-boot-projects
springboot-seckill
SpringBoot-Dubbo-Docker-Jenkins
springboot-socks
netty-in-action
advanced-java
springboot-guide
springBoot
springboot-learning-example
litemall
spring-boot-examples
free-programming-books-zh_CN
FinancialSupportForOpenSource
PicGo
proxyee-down
arthas
Java
JS-Sorting-Algorithm
easyexcel
dubbo
SpringAll
hamulete
windows95
resources
chinese-copywriting-guidelines
cachecloud
MarkdownTOC
advanced-go-programming-book
lazygit
paascloud-master
effective-java-3e-source-code
elasticsearch
spring-boot
WxJava
Sentinel
sihai-maven-ssm-alipay
gold-miner
ResumeSample
system-design-primer
CS-Interview-Knowledge-Map
java_server
springmvc-mybatis-learning
SSM
Mybatis-PageHelper
vue-admin
Blog
MapReduce-CountPlayerData
react-naive-book
Resume
2048
vue-element-admin
v-charts
echarts
resume.github.com
wepy
wepy-books
wechat-app-mall
awesome-wechat-weapp
emoji-cheat-sheet.com
axios
vue-awesome-swiper
awesome-github-vue
vuestic-admin
vue2-manage
iview-area
fanqiang
tensorflow
binarytree
symphony
vue-mall
xmall-front
zheng
JavaEETest
vhr
simpread
tensorflow-mnist
vue-weixin
joice
xmall
perfect-ssm
blog
HanLP
weixin-java-mp-demo-springmvc
java-design-patterns
CS-Notes
you-get
NetEasyMusic
vue
nav
chinese-programmer-wrong-pronunciation
architect-awesome
tale
oh-my-email
netty
requests
python
word_cloud
Python_sdk
Android-ZBLibrary
ExcelUtil
zhihu-crawler
crawler4j
Spider
H5-Animation
bootstrap-wpf-style
WPFMusicPlayer
spring-analysis
canvas-special
tianti
Java
shopping-management-system
WePush
Swing9patch
zxing
